0 1 1.00092
0.00313845 0.861489 1.00093
0.00627691 0.722098 1.00096
0.00941536 0.582953 1.00101
0.0125538 0.444183 1.00108
0.0156923 0.305897 1.00117
0.0188307 0.168218 1.00128
0.0219692 0.0312661 1.00141
0.0251076 -0.104629 1.00156
0.0282461 -0.239495 1.00173
0.0313845 -0.37328 1.00191
0.034523 -0.505861 1.00212
0.0376615 -0.637126 1.00235
0.0407999 -0.766963 1.0026
0.0439384 -0.89525 1.00286
0.0470768 -1.02189 1.00315
0.0502153 -1.14675 1.00346
0.0533537 -1.26974 1.00379
0.0564922 -1.39074 1.00413
0.0596306 -1.50965 1.0045
0.0627691 -1.62637 1.00489
0.0659075 -1.74079 1.0053
0.069046 -1.85281 1.00572
0.0721844 -1.96235 1.00617
0.0753229 -2.06929 1.00664
0.0784614 -2.17352 1.00713
0.0815998 -2.275 1.00764
0.0847383 -2.37365 1.00817
0.0878767 -2.4693 1.00872
0.0910152 -2.56193 1.00929
0.0941536 -2.65143 1.00988
0.0972921 -2.73777 1.01049
0.100431 -2.8208 1.01112
0.103569 -2.90053 1.01177
0.106707 -2.97681 1.01244
0.109846 -3.04965 1.01313
0.112984 -3.1189 1.01385
0.116123 -3.18459 1.01458
0.119261 -3.24661 1.01534
0.1224 -3.30488 1.01611
0.125538 -3.35943 1.01691
0.128677 -3.41016 1.01773
0.131815 -3.45704 1.01857
0.134954 -3.49996 1.01943
0.138092 -3.539 1.02031
0.14123 -3.57407 1.02121
0.144369 -3.60513 1.02214
0.147507 -3.63217 1.02309
0.150646 -3.65515 1.02405
0.153784 -3.67406 1.02504
0.156923 -3.68888 1.02605
0.160061 -3.6996 1.02709
0.1632 -3.70621 1.02814
0.166338 -3.7087 1.02912
0.169477 -3.70708 1.03022
0.172615 -3.70133 1.03134
0.175753 -3.69147 1.03248
0.178892 -3.67751 1.03364
0.18203 -3.65945 1.03483
0.185169 -3.63732 1.03604
0.188307 -3.61113 1.03727
0.191446 -3.5809 1.03853
0.194584 -3.54667 1.03981
0.197723 -3.50846 1.04111
0.200861 -3.46636 1.04243
0.204 -3.4203 1.04378
0.207138 -3.37037 1.04515
0.210276 -3.31662 1.04654
0.213415 -3.25913 1.04796
0.216553 -3.19788 1.0494
0.219692 -3.13295 1.05087
0.22283 -3.06445 1.05236
0.225969 -2.99235 1.05387
0.229107 -2.91676 1.05541
0.232246 -2.83778 1.05697
0.235384 -2.75544 1.05855
0.238523 -2.66977 1.06016
0.241661 -2.58094 1.0618
0.244799 -2.48896 1.06346
0.247938 -2.3939 1.06514
0.251076 -2.2959 1.06685
0.254215 -2.19501 1.06849
0.257353 -2.09133 1.07025
0.260492 -1.98497 1.07203
0.26363 -1.87596 1.07384
0.266769 -1.76446 1.07568
0.269907 -1.65053 1.07754
0.273046 -1.53429 1.07943
0.276184 -1.41581 1.08135
0.279322 -1.29524 1.08329
0.282461 -1.17266 1.08526
0.285599 -1.04819 1.08725
0.288738 -0.921911 1.08927
0.291876 -0.793957 1.09132
0.295015 -0.664439 1.0934
0.298153 -0.533464 1.0955
0.301292 -0.401146 1.09764
0.30443 -0.267603 1.0998
0.307569 -0.132954 1.10199
0.310707 0.00269192 1.1042
0.313845 0.139476 1.10645
0.316984 0.277014 1.10862
0.320122 0.415184 1.11093
0.323261 0.553864 1.11326
0.326399 0.692931 1.11562
0.329538 0.832283 1.11801
0.332676 0.971782 1.12043
0.335815 1.10912 1.12288
0.338953 1.24825 1.12536
0.342092 1.38718 1.12787
0.34523 1.52576 1.13042
0.348368 1.66386 1.13299
0.351507 1.80144 1.13559
0.354645 1.93826 1.13823
0.357784 2.07428 1.1409
0.360922 2.20939 1.1436
0.364061 2.3434 1.14633
0.367199 2.47621 1.14909
0.370338 2.60778 1.15179
0.373476 2.7379 1.15462
0.376615 2.86657 1.15749
0.379753 2.99355 1.16038
0.382891 3.1188 1.16331
0.38603 3.24219 1.16628
0.389168 3.36357 1.16928
0.392307 3.48294 1.17231
0.395445 3.60015 1.17538
0.398584 3.71509 1.17848
0.401722 3.82758 1.18162
0.404861 3.93768 1.1848
0.407999 4.04513 1.18801
0.411138 4.15 1.19126
0.414276 4.25203 1.19455
0.417414 4.35122 1.19777
0.420553 4.44757 1.20113
0.423691 4.54081 1.20453
0.42683 4.63096 1.20797
0.429968 4.71802 1.21144
0.433107 4.80174 1.21496
0.436245 4.88213 1.21851
0.439384 4.95913 1.2221
0.442522 5.03266 1.22574
0.44566 5.10276 1.22941
0.448799 5.16918 1.23312
0.451937 5.23195 1.23688
0.455076 5.29102 1.24068
0.458214 5.34633 1.24442
0.461353 5.39784 1.2483
0.464491 5.44551 1.25223
0.46763 5.48938 1.2562
0.470768 5.52923 1.26021
0.473907 5.56512 1.26426
0.477045 5.59701 1.26836
0.480183 5.62488 1.27251
0.483322 5.6487 1.2767
0.48646 5.66846 1.28094
0.489599 5.68413 1.28522
0.492737 5.69571 1.28955
0.495876 5.70317 1.29384
0.499014 5.70653 1.29826
0.502153 5.70576 1.30274
0.505291 5.70088 1.30726
0.50843 5.69188 1.31183
0.511568 5.67878 1.31645
0.514706 5.66159 1.32113
0.517845 5.64032 1.32585
0.520983 5.61499 1.33063
0.524122 5.58562 1.33546
0.52726 5.55224 1.34034
0.530399 5.51487 1.34518
0.533537 5.47346 1.35016
0.536676 5.42824 1.35521
0.539814 5.37914 1.36031
0.542953 5.32621 1.36546
0.546091 5.26949 1.37067
0.549229 5.20904 1.37594
0.552368 5.14491 1.38126
0.555506 5.07715 1.38664
0.558645 5.00573 1.39209
0.561783 4.9309 1.39749
0.564922 4.85263 1.40305
0.56806 4.77099 1.40868
0.571199 4.68597 1.41436
0.574337 4.59781 1.42011
0.577476 4.5065 1.42592
0.580614 4.41204 1.43179
0.583752 4.31468 1.43773
0.586891 4.21442 1.44374
0.590029 4.11128 1.44981
0.593168 4.00549 1.45585
0.596306 3.89699 1.46205
0.599445 3.78604 1.46833
0.602583 3.67258 1.47467
0.605722 3.55686 1.48108
0.60886 3.43883 1.48757
0.611999 3.31868 1.49413
0.615137 3.1965 1.50076
0.618275 3.0724 1.50746
0.621414 2.9465 1.51415
0.624552 2.8189 1.521
0.627691 2.68971 1.52793
0.630829 2.559 1.53494
0.633968 2.42699 1.54203
0.637106 2.29369 1.5492
0.640245 2.15927 1.55645
0.643383 2.02381 1.56378
0.646522 1.88748 1.57109
0.64966 1.75035 1.57859
0.652798 1.61261 1.58617
0.655937 1.47429 1.59384
0.659075 1.33557 1.6016
0.662214 1.19654 1.60944
0.665352 1.05735 1.61738
0.668491 0.919864 1.6254
0.671629 0.78045 1.63342
0.674768 0.641187 1.64163
0.677906 0.502249 1.64994
0.681045 0.363743 1.65834
0.684183 0.225796 1.66683
0.687321 0.0885248 1.67543
0.69046 -0.0478531 1.68413
0.693598 -0.183139 1.69283
0.696737 -0.31739 1.70172
0.699875 -0.450492 1.71073
0.703014 -0.582323 1.71984
0.706152 -0.712771 1.72905
0.709291 -0.841718 1.73838
0.712429 -0.969064 1.74782
0.715568 -1.09469 1.75726
0.718706 -1.21847 1.76692
0.721844 -1.34031 1.7767
0.724983 -1.46011 1.78659
0.728121 -1.57777 1.7966
0.73126 -1.69316 1.80673
0.734398 -1.8062 1.81698
0.737537 -1.9168 1.82725
0.740675 -2.02482 1.83775
0.743814 -2.13021 1.84838
0.746952 -2.23287 1.85913
0.750091 -2.33269 1.87002
0.753229 -2.42959 1.88104
0.756367 -2.5235 1.89209
0.759506 -2.61435 1.90339
0.762644 -2.702 1.91482
0.765783 -2.78642 1.92639
0.768921 -2.86755 1.93811
0.77206 -2.94527 1.94997
0.775198 -3.01957 1.96198
0.778337 -3.09031 1.97403
0.781475 -3.15752 1.98634
0.784614 -3.22109 1.99881
0.787752 -3.28092 2.01143
0.79089 -3.33705 2.02422
0.794029 -3.38938 2.03706
0.797167 -3.43788 2.05017
0.800306 -3.48249 2.06345
0.803444 -3.52313 2.0769
0.806583 -3.55987 2.09052
0.809721 -3.59261 2.10432
0.81286 -3.62134 2.11819
0.815998 -3.64602 2.13234
0.819137 -3.66664 2.14669
0.822275 -3.68318 2.16122
0.825413 -3.69562 2.17594
0.828552 -3.70395 2.19075
0.83169 -3.70816 2.20586
0.834829 -3.70826 2.22117
0.837967 -3.70424 2.23669
0.841106 -3.6961 2.25242
0.844244 -3.68385 2.26824
0.847383 -3.66751 2.28439
0.850521 -3.64708 2.30076
0.85366 -3.62259 2.31735
0.856798 -3.59405 2.33417
0.859936 -3.56149 2.35111
0.863075 -3.52495 2.36839
0.866213 -3.48449 2.38591
0.869352 -3.44006 2.40367
0.87249 -3.39175 2.42168
0.875629 -3.33959 2.43983
0.878767 -3.28364 2.45834
0.881906 -3.22398 2.47711
0.885044 -3.16059 2.49616
0.888183 -3.09355 2.51547
0.891321 -3.02298 2.53494
0.894459 -2.94884 2.5548
0.897598 -2.87128 2.57495
0.900736 -2.7903 2.59539
0.903875 -2.70605 2.61601
0.907013 -2.61851 2.63705
0.910152 -2.52784 2.65839
0.91329 -2.43408 2.68005
0.916429 -2.33731 2.70191
0.919567 -2.23762 2.72421
0.922706 -2.1351 2.74684
0.925844 -2.02983 2.76981
0.928982 -1.92191 2.79301
0.932121 -1.81145 2.81668
0.935259 -1.69853 2.8407
0.938398 -1.58324 2.86509
0.941536 -1.46569 2.88973
0.944675 -1.34599 2.91487
0.947813 -1.22423 2.94039
0.950952 -1.10055 2.96632
0.95409 -0.97501 2.99252
0.957229 -0.847743 3.01926
0.960367 -0.718869 3.04641
0.963505 -0.588483 3.07387
0.966644 -0.456716 3.1019
0.969782 -0.323671 3.13036
0.972921 -0.189472 3.15929
0.976059 -0.0542321 3.18855
0.979198 0.0820924 3.21842
0.982336 0.219329 3.24877
0.985475 0.357248 3.27949
0.988613 0.495734 3.31084
0.991752 0.634654 3.34271
0.99489 0.773906 3.37498
0.998028 0.913336 3.40791
1.00117 1.05078 3.4414
1.00431 1.18999 3.47546
1.00744 1.32902 3.50996
1.01058 1.46776 3.54518
1.01372 1.60609 3.581
1.01686 1.7439 3.61731
1.02 1.88106 3.65439
1.02314 2.01743 3.69197
1.02627 2.15294 3.73035
1.02941 2.2874 3.7694
1.03255 2.42076 3.80901
1.03569 2.55283 3.84946
1.03883 2.68361 3.89063
1.04197 2.81286 3.93241
1.04511 2.94054 3.97509
1.04824 3.06653 4.01854
1.05138 3.19071 4.06265
1.05452 3.31298 4.10771
1.05766 3.43323 4.15347
1.0608 3.55136 4.20023
1.06394 3.6672 4.24786
1.06707 3.78077 4.29625
1.07021 3.89183 4.3457
1.07335 4.00045 4.39596
1.07649 4.10637 4.44732
1.07963 4.20964 4.49968
1.08277 4.31004 4.55292
1.08591 4.40753 4.60734
1.08904 4.50213 4.66269
1.09218 4.59359 4.71929
1.09532 4.6819 4.77687
1.09846 4.76707 4.83576
1.1016 4.84887 4.89569
1.10474 4.9273 4.957
1.10787 5.00229 5.01956
1.11101 5.07387 5.08326
1.11415 5.1418 5.14844
1.11729 5.20611 5.21483
1.12043 5.26673 5.28277
1.12357 5.32363 5.352
1.12671 5.37674 5.42287
1.12984 5.42602 5.49511
1.13298 5.47143 5.56891
1.13612 5.51302 5.64448
1.13926 5.55057 5.72156
1.1424 5.58414 5.8005
1.14554 5.6137 5.88104
1.14867 5.63922 5.96356
1.15181 5.66068 6.04778
1.15495 5.67807 6.13408
1.15809 5.69136 6.22221
1.16123 5.70055 6.31237
1.16437 5.70562 6.40481
1.1675 5.70658 6.49925
1.17064 5.70342 6.59593
1.17378 5.69615 6.69509
1.17692 5.68477 6.79647
1.18006 5.66929 6.90047
1.1832 5.64972 7.00685
1.18634 5.62609 7.11585
1.18947 5.59841 7.22774
1.19261 5.5667 7.34226
1.19575 5.53101 7.45967
1.19889 5.49134 7.58007
1.20203 5.44765 7.70375
1.20517 5.40017 7.83045
1.2083 5.34884 7.96047
1.21144 5.2937 8.09392
1.21458 5.23481 8.2311
1.21772 5.17221 8.37178
1.22086 5.10596 8.51626
1.224 5.03603 8.6647
1.22714 4.96266 8.81723
1.23027 4.88582 8.97401
1.23341 4.80559 9.13519
1.23655 4.72202 9.30114
1.23969 4.63512 9.47164
1.24283 4.54512 9.64707
1.24597 4.45202 9.82761
1.2491 4.35581 10.0135
1.25224 4.25676 10.2049
1.25538 4.15486 10.402
1.25852 4.05012 10.6051
1.26166 3.94279 10.8145
1.2648 3.83281 11.0303
1.26794 3.72043 11.2529
1.27107 3.6056 11.4826
1.27421 3.4885 11.7193
1.27735 3.36929 11.964
1.28049 3.24794 12.2166
1.28363 3.12463 12.4775
1.28677 2.99947 12.7472
1.2899 2.87257 13.0257
1.29304 2.74403 13.314
1.29618 2.61392 13.6122
1.29932 2.48246 13.9206
1.30246 2.34967 14.2402
1.3056 2.2157 14.5712
1.30874 2.08065 14.9138
1.31187 1.94466 15.2693
1.31501 1.80788 15.6378
1.31815 1.67037 16.0203
1.32129 1.53225 16.4171
1.32443 1.39368 16.8291
1.32757 1.25476 17.2576
1.3307 1.11566 17.7026
1.33384 0.97828 18.1655
1.33698 0.838827 18.6472
1.34012 0.699487 19.1489
1.34326 0.560397 19.6713
1.3464 0.421691 20.2158
1.34954 0.283493 20.7837
1.35267 0.145923 21.3762
1.35581 0.00910126 21.9946
1.35895 -0.1266 22.6411
1.36209 -0.2613 23.3169
1.36523 -0.394896 24.024
1.36837 -0.527276 24.7639
1.3715 -0.658319 25.5394
1.37464 -0.78791 26.3521
1.37778 -0.915932 27.2052
1.38092 -1.04229 28.1006
1.38406 -1.16685 29.0415
1.3872 -1.28954 30.0312
1.39034 -1.41021 31.073
1.39347 -1.52876 32.1706
1.39661 -1.64512 33.3282
1.39975 -1.75916 34.5497
1.40289 -1.87077 35.8408
1.40603 -1.9799 37.2061
1.40917 -2.08639 38.6521
1.4123 -2.1902 40.1845
1.41544 -2.29122 41.8108
1.41858 -2.38936 43.5383
1.42172 -2.48456 45.3767
1.42486 -2.57668 47.3345
1.428 -2.66567 49.4234
1.43114 -2.75149 51.6544
1.43427 -2.83398 54.0406
1.43741 -2.91312 56.5978
1.44055 -2.98888 59.3418
1.44369 -3.06114 62.2917
1.44683 -3.12981 65.4686
1.44997 -3.19491 68.8958
1.4531 -3.25634 72.6012
1.45624 -3.314 76.6154
1.45938 -3.36793 80.9733
1.46252 -3.41804 85.7158
1.46566 -3.46428 90.8891
1.4688 -3.50657 96.5476
1.47194 -3.54497 102.753
1.47507 -3.57938 109.579
1.47821 -3.6098 117.111
1.48135 -3.63618 125.45
1.48449 -3.6585 134.714
1.48763 -3.67675 145.048
1.49077 -3.6909 156.621
1.4939 -3.70096 169.638
1.49704 -3.7069 184.354
1.50018 -3.70872 201.075
1.50332 -3.70642 220.183
1.50646 -3.70001 242.155
1.5096 -3.68948 267.593
1.51273 -3.67485 297.267
1.51587 -3.65613 332.172
1.51901 -3.63334 373.613
1.52215 -3.60649 423.331
1.52529 -3.57562 483.689
1.52843 -3.54074 557.949
1.53157 -3.50188 650.735
1.5347 -3.45914 768.767
1.53784 -3.41245 922.106
1.54098 -3.3619 1126.38
1.54412 -3.30753 1406.91
1.54726 -3.24944 1807.01
1.5504 -3.18758 2405.67
1.55353 -3.12206 3359.85
1.55667 -3.05298 5018.87
1.55981 -2.98031 8296.28
1.56295 -2.9042 16260.4
1.56609 -2.82463 45167.2
1.56923 -2.74175 406502
1.57237 -2.65556 406502
1.5755 -2.5662 45167.2
1.57864 -2.47373 16260.4
1.58178 -2.37818 8296.28
1.58492 -2.2797 5018.87
1.58806 -2.17836 3359.85
1.5912 -2.07426 2405.67
1.59433 -1.96743 1807.01
1.59747 -1.85801 1406.91
1.60061 -1.74611 1126.38
1.60375 -1.6318 922.106
1.60689 -1.51519 768.767
1.61003 -1.39638 650.735
1.61317 -1.27547 557.949
1.6163 -1.15258 483.689
1.61944 -1.02779 423.331
1.62258 -0.901242 373.613
1.62572 -0.773031 332.172
1.62886 -0.643264 297.267
1.632 -0.512064 267.593
1.63513 -0.379536 242.155
1.63827 -0.245807 220.183
1.64141 -0.110989 201.075
1.64455 0.0248502 184.354
1.64769 0.161764 169.638
1.65083 0.299412 156.621
1.65397 0.437672 145.048
1.6571 0.576427 134.714
1.66024 0.715558 125.45
1.66338 0.854913 117.111
1.66652 0.994377 109.579
1.66966 1.13171 102.753
1.6728 1.27084 96.5476
1.67593 1.4097 90.8891
1.67907 1.54822 85.7158
1.68221 1.68625 80.9733
1.68535 1.82369 76.6154
1.68849 1.96043 72.6012
1.69163 2.09631 68.8958
1.69477 2.23121 65.4686
1.6979 2.36504 62.2917
1.70104 2.4977 59.3418
1.70418 2.629 56.5978
1.70732 2.75894 54.0406
1.71046 2.88729 51.6544
1.7136 3.014 49.4234
1.71673 3.13895 47.3345
1.71987 3.26204 45.3767
1.72301 3.38315 43.5383
1.72615 3.50212 41.8108
1.72929 3.61896 40.1845
1.73243 3.73352 38.6521
1.73557 3.84562 37.2061
1.7387 3.95531 35.8408
1.74184 4.06233 34.5497
1.74498 4.16676 33.3282
1.74812 4.26834 32.1706
1.75126 4.36706 31.073
1.7544 4.46292 30.0312
1.75753 4.55566 29.0415
1.76067 4.6453 28.1006
1.76381 4.73184 27.2052
1.76695 4.81502 26.3521
1.77009 4.89487 25.5394
1.77323 4.97131 24.7639
1.77637 5.04427 24.024
1.7795 5.11379 23.3169
1.78264 5.17962 22.6411
1.78578 5.2418 21.9946
1.78892 5.30026 21.3762
1.79206 5.35496 20.7837
1.7952 5.40585 20.2158
1.79833 5.45288 19.6713
1.80147 5.49612 19.1489
1.80461 5.53533 18.6472
1.80775 5.57057 18.1655
1.81089 5.60181 17.7026
1.81403 5.62902 17.2576
1.81716 5.65219 16.8291
1.8203 5.67128 16.4171
1.82344 5.68629 16.0203
1.82658 5.6972 15.6378
1.82972 5.704 15.2693
1.83286 5.70668 14.9138
1.836 5.70525 14.5712
1.83913 5.6997 14.2402
1.84227 5.69003 13.9206
1.84541 5.67627 13.6122
1.84855 5.65841 13.314
1.85169 5.63648 13.0257
1.85483 5.61049 12.7472
1.85796 5.58047 12.4775
1.8611 5.54644 12.2166
1.86424 5.50843 11.964
1.86738 5.46638 11.7193
1.87052 5.42053 11.4826
1.87366 5.3708 11.2529
1.8768 5.31725 11.0303
1.87993 5.25993 10.8145
1.88307 5.19887 10.6051
1.88621 5.13415 10.402
1.88935 5.06571 10.2049
1.89249 4.99381 10.0135
1.89563 4.91842 9.82761
1.89876 4.8396 9.64707
1.9019 4.75742 9.47164
1.90504 4.67187 9.30114
1.90818 4.58319 9.13519
1.91132 4.49138 8.97401
1.91446 4.39643 8.81723
1.9176 4.2986 8.6647
1.92073 4.19787 8.51626
1.92387 4.09428 8.37178
1.92701 3.98805 8.2311
1.93015 3.87914 8.09392
1.93329 3.76779 7.96047
1.93643 3.65394 7.83045
1.93956 3.53785 7.70375
1.9427 3.41947 7.58007
1.94584 3.29898 7.45967
1.94898 3.17648 7.34226
1.95212 3.05208 7.22774
1.95526 2.9259 7.11585
1.9584 2.79803 7.00685
1.96153 2.6686 6.90047
1.96467 2.53766 6.79647
1.96781 2.40544 6.69509
1.97095 2.27195 6.59593
1.97409 2.13731 6.49925
1.97723 2.00175 6.40481
1.98036 1.86524 6.31237
1.9835 1.72805 6.22221
1.98664 1.59017 6.13408
1.98978 1.45175 6.04778
1.99292 1.31299 5.96356
1.99606 1.17392 5.88104
1.9992 1.03475 5.8005
2.00233 0.897225 5.72156
2.00547 0.757823 5.64448
2.00861 0.618605 5.56891
2.01175 0.479726 5.49511
2.01489 0.341299 5.42287
2.01803 0.203454 5.352
2.02116 0.0663035 5.28277
2.0243 -0.0698894 5.21483
2.02744 -0.205015 5.14844
2.03058 -0.339087 5.08326
2.03372 -0.471989 5.01956
2.03686 -0.603607 4.957
2.04 -0.733815 4.89569
2.04313 -0.862513 4.83576
2.04627 -0.989585 4.77687
2.04941 -1.11491 4.71929
2.05255 -1.23839 4.66269
2.05569 -1.35992 4.60734
2.05883 -1.47937 4.55292
2.06196 -1.59667 4.49968
2.0651 -1.71169 4.44732
2.06824 -1.82433 4.39596
2.07138 -1.9345 4.3457
2.07452 -2.04212 4.29625
2.07766 -2.14708 4.24786
2.0808 -2.24928 4.20023
2.08393 -2.34863 4.15347
2.08707 -2.44506 4.10771
2.09021 -2.53846 4.06265
2.09335 -2.62877 4.01854
2.09649 -2.71594 3.97509
2.09963 -2.79982 3.93241
2.10276 -2.88041 3.89063
2.1059 -2.95757 3.84946
2.10904 -3.03131 3.80901
2.11218 -3.10147 3.7694
2.11532 -3.16809 3.73035
2.11846 -3.23106 3.69197
2.1216 -3.29029 3.65439
2.12473 -3.3458 3.61731
2.12787 -3.39752 3.581
2.13101 -3.44539 3.54518
2.13415 -3.48932 3.50996
2.13729 -3.52937 3.47546
2.14043 -3.56546 3.4414
2.14356 -3.59755 3.40791
2.1467 -3.62562 3.37498
2.14984 -3.64965 3.34271
2.15298 -3.6696 3.31084
2.15612 -3.68548 3.27949
2.15926 -3.69725 3.24877
2.16239 -3.70491 3.21842
2.16553 -3.70846 3.18855
2.16867 -3.70789 3.15929
2.17181 -3.70319 3.13036
2.17495 -3.69439 3.1019
2.17809 -3.68148 3.07387
2.18123 -3.66447 3.04641
2.18436 -3.64338 3.01926
2.1875 -3.61823 2.99252
2.19064 -3.58904 2.96632
2.19378 -3.55583 2.94039
2.19692 -3.51864 2.91487
2.20006 -3.47754 2.88973
2.20319 -3.43248 2.86509
2.20633 -3.38354 2.8407
2.20947 -3.33076 2.81668
2.21261 -3.2742 2.79301
2.21575 -3.21394 2.76981
2.21889 -3.14995 2.74684
2.22203 -3.08232 2.72421
2.22516 -3.01117 2.70191
2.2283 -2.93647 2.68005
2.23144 -2.85836 2.65839
2.23458 -2.77684 2.63705
2.23772 -2.69205 2.61601
2.24086 -2.60402 2.59539
2.24399 -2.51281 2.57495
2.24713 -2.41856 2.5548
2.25027 -2.32131 2.53494
2.25341 -2.22116 2.51547
2.25655 -2.11818 2.49616
2.25969 -2.01248 2.47711
2.26283 -1.90416 2.45834
2.26596 -1.79327 2.43983
2.2691 -1.67996 2.42168
2.27224 -1.5643 2.40367
2.27538 -1.4464 2.38591
2.27852 -1.32636 2.36839
2.28166 -1.20428 2.35111
2.28479 -1.08027 2.33417
2.28793 -0.954457 2.31735
2.29107 -0.826917 2.30076
2.29421 -0.697789 2.28439
2.29735 -0.567178 2.26824
2.30049 -0.43519 2.25242
2.30363 -0.301953 2.23669
2.30676 -0.167576 2.22117
2.3099 -0.0321783 2.20586
2.31304 0.104329 2.19075
2.31618 0.241685 2.17594
2.31932 0.379705 2.16122
2.32246 0.518266 2.14669
2.32559 0.657257 2.13234
2.32873 0.796535 2.11819
2.33187 0.936011 2.10432
2.33501 1.07339 2.09052
2.33815 1.21261 2.0769
2.34129 1.35159 2.06345
2.34443 1.49025 2.05017
2.34756 1.62851 2.03706
2.3507 1.76623 2.02422
2.35384 1.90324 2.01143
2.35698 2.03948 1.99881
2.36012 2.17483 1.98634
2.36326 2.30912 1.97403
2.36639 2.44229 1.96198
2.36953 2.5742 1.94997
2.37267 2.70469 1.93811
2.37581 2.8337 1.92639
2.37895 2.96117 1.91482
2.38209 3.08687 1.90339
2.38523 3.21069 1.89209
2.38836 3.33264 1.88104
2.3915 3.45256 1.87002
2.39464 3.57033 1.85913
2.39778 3.68579 1.84838
2.40092 3.79897 1.83775
2.40406 3.90964 1.82725
2.40719 4.01783 1.81698
2.41033 4.12331 1.80673
2.41347 4.22614 1.7966
2.41661 4.32607 1.78659
2.41975 4.42317 1.7767
2.42289 4.5172 1.76692
2.42603 4.60815 1.75726
2.42916 4.69594 1.74782
2.4323 4.78058 1.73838
2.43544 4.86184 1.72905
2.43858 4.93971 1.71984
2.44172 5.01414 1.71073
2.44486 5.08515 1.70172
2.44799 5.15249 1.69283
2.45113 5.21621 1.68413
2.45427 5.27623 1.67543
2.45741 5.33251 1.66683
2.46055 5.385 1.65834
2.46369 5.43366 1.64994
2.46683 5.47853 1.64163
2.46996 5.51939 1.63342
2.4731 5.55629 1.6254
2.47624 5.58921 1.61738
2.47938 5.61812 1.60944
2.48252 5.64298 1.6016
2.48566 5.66378 1.59384
2.48879 5.6805 1.58617
2.49193 5.69313 1.57859
2.49507 5.70165 1.57109
2.49821 5.70606 1.56378
2.50135 5.70635 1.55645
2.50449 5.70252 1.5492
2.50762 5.69458 1.54203
2.51076 5.68253 1.53494
2.5139 5.66639 1.52793
2.51704 5.64616 1.521
2.52018 5.62187 1.51415
2.52332 5.59353 1.50746
2.52646 5.56118 1.50076
2.52959 5.52483 1.49413
2.53273 5.48453 1.48757
2.53587 5.4402 1.48108
2.53901 5.39209 1.47467
2.54215 5.34014 1.46833
2.54529 5.28439 1.46205
2.54842 5.22489 1.45585
2.55156 5.1617 1.44981
2.5547 5.09486 1.44374
2.55784 5.02435 1.43773
2.56098 4.95042 1.43179
2.56412 4.87302 1.42592
2.56726 4.79224 1.42011
2.57039 4.70806 1.41436
2.57353 4.62072 1.40868
2.57667 4.53021 1.40305
2.57981 4.43661 1.39749
2.58295 4.33992 1.39209
2.58609 4.2404 1.38664
2.58922 4.13797 1.38126
2.59236 4.03286 1.37594
2.5955 3.92511 1.37067
2.59864 3.81472 1.36546
2.60178 3.70188 1.36031
2.60492 3.58675 1.35521
2.60806 3.46928 1.35016
2.61119 3.34966 1.34518
2.61433 3.22806 1.34034
2.61747 3.10444 1.33546
2.62061 2.97899 1.33063
2.62375 2.85181 1.32585
2.62689 2.72296 1.32113
2.63002 2.59267 1.31645
2.63316 2.46095 1.31183
2.6363 2.32795 1.30726
2.63944 2.19381 1.30274
2.64258 2.05864 1.29826
2.64572 1.92252 1.29384
2.64886 1.78557 1.28955
2.65199 1.64797 1.28522
2.65513 1.50977 1.28094
2.65827 1.37116 1.2767
2.66141 1.23218 1.27251
2.66455 1.09304 1.26836
2.66769 0.95564 1.26426
2.67082 0.816195 1.26021
2.67396 0.676866 1.2562
2.6771 0.537841 1.25223
2.68024 0.399208 1.2483
2.68338 0.261106 1.24442
2.68652 0.123648 1.24068
2.68966 -0.0130146 1.23688
2.69279 -0.148547 1.23312
2.69593 -0.283074 1.22941
2.69907 -0.416482 1.22574
2.70221 -0.54865 1.2221
2.70535 -0.679465 1.21851
2.70849 -0.808806 1.21496
2.71162 -0.936569 1.21144
2.71476 -1.06265 1.20797
2.7179 -1.18692 1.20453
2.72104 -1.30927 1.20113
2.72418 -1.4296 1.19777
2.72732 -1.54782 1.19455
2.73046 -1.66379 1.19126
2.73359 -1.77746 1.18801
2.73673 -1.88867 1.1848
2.73987 -1.99738 1.18162
2.74301 -2.10344 1.17848
2.74615 -2.2068 1.17538
2.74929 -2.30736 1.17231
2.75242 -2.40502 1.16928
2.75556 -2.4997 1.16628
2.7587 -2.59135 1.16331
2.76184 -2.67983 1.16038
2.76498 -2.76508 1.15749
2.76812 -2.84707 1.15462
2.77126 -2.92566 1.15179
2.77439 -3.00085 1.14909
2.77753 -3.07254 1.14633
2.78067 -3.14063 1.1436
2.78381 -3.20514 1.1409
2.78695 -3.26597 1.13823
2.79009 -3.32301 1.13559
2.79322 -3.37633 1.13299
2.79636 -3.42581 1.13042
2.7995 -3.47142 1.12787
2.80264 -3.51307 1.12536
2.80578 -3.55083 1.12288
2.80892 -3.5846 1.12043
2.81205 -3.61436 1.11801
2.81519 -3.64008 1.11562
2.81833 -3.66174 1.11326
2.82147 -3.67933 1.11093
2.82461 -3.69282 1.10862
2.82775 -3.7022 1.10645
2.83089 -3.70747 1.1042
2.83402 -3.70863 1.10199
2.83716 -3.70566 1.0998
2.8403 -3.69858 1.09764
2.84344 -3.68738 1.0955
2.84658 -3.67209 1.0934
2.84972 -3.65271 1.09132
2.85285 -3.62925 1.08927
2.85599 -3.60175 1.08725
2.85913 -3.57022 1.08526
2.86227 -3.5347 1.08329
2.86541 -3.4952 1.08135
2.86855 -3.45182 1.07943
2.87169 -3.4045 1.07754
2.87482 -3.35333 1.07568
2.87796 -3.29834 1.07384
2.8811 -3.23964 1.07203
2.88424 -3.17719 1.07025
2.88738 -3.11108 1.06849
2.89052 -3.04142 1.06685
2.89365 -2.96818 1.06514
2.89679 -2.8915 1.06346
2.89993 -2.81139 1.0618
2.90307 -2.72797 1.06016
2.90621 -2.64125 1.05855
2.90935 -2.55139 1.05697
2.91249 -2.45841 1.05541
2.91562 -2.36241 1.05387
2.91876 -2.26346 1.05236
2.9219 -2.16166 1.05087
2.92504 -2.05708 1.0494
2.92818 -1.94983 1.04796
2.93132 -1.84002 1.04654
2.93445 -1.7277 1.04515
2.93759 -1.61301 1.04378
2.94073 -1.49605 1.04243
2.94387 -1.37688 1.04111
2.94701 -1.25565 1.03981
2.95015 -1.13243 1.03853
2.95329 -1.00736 1.03727
2.95642 -0.880529 1.03604
2.95956 -0.752055 1.03483
2.9627 -0.622051 1.03364
2.96584 -0.490628 1.03248
2.96898 -0.357897 1.03134
2.97212 -0.223984 1.03022
2.97525 -0.088999 1.02912
2.97839 0.047031 1.02814
2.98153 0.184073 1.02709
2.98467 0.32183 1.02605
2.98781 0.460181 1.02504
2.99095 0.599003 1.02405
2.99409 0.738174 1.02309
2.99722 0.877573 1.02214
3.00036 1.01517 1.02121
3.0035 1.15431 1.02031
3.00664 1.29342 1.01943
3.00978 1.43221 1.01857
3.01292 1.57068 1.01773
3.01605 1.70863 1.01691
3.01919 1.84596 1.01611
3.02233 1.98253 1.01534
3.02547 2.11827 1.01458
3.02861 2.253 1.01385
3.03175 2.38666 1.01313
3.03489 2.51911 1.01244
3.03802 2.65024 1.01177
3.04116 2.77988 1.01112
3.0443 2.90798 1.01049
3.04744 3.03441 1.00988
3.05058 3.15906 1.00929
3.05372 3.28184 1.00872
3.05685 3.40262 1.00817
3.05999 3.52123 1.00764
3.06313 3.63772 1.00713
3.06627 3.75189 1.00664
3.06941 3.86359 1.00617
3.07255 3.97287 1.00572
3.07569 4.07946 1.0053
3.07882 4.18345 1.00489
3.08196 4.28457 1.0045
3.0851 4.38282 1.00413
3.08824 4.47819 1.00379
3.09138 4.57044 1.00346
3.09452 4.65956 1.00315
3.09765 4.74557 1.00286
3.10079 4.82822 1.0026
3.10393 4.90752 1.00235
3.10707 4.9834 1.00212
3.11021 5.05579 1.00191
3.11335 5.12473 1.00173
3.11649 5.18997 1.00156
3.11962 5.25154 1.00141
3.12276 5.3094 1.00128
3.1259 5.36348 1.00117
3.12904 5.41375 1.00108
3.13218 5.46015 1.00101
3.13532 5.50276 1.00096
3.13845 5.54132 1.00093
