1 1
1.00195 0.994141
1.00391 0.98835
1.00586 0.982576
1.00781 0.976835
1.00977 0.971128
1.01172 0.965455
1.01367 0.959814
1.01562 0.954207
1.01758 0.948632
1.01953 0.94309
1.02148 0.93758
1.02344 0.932103
1.02539 0.926657
1.02734 0.921243
1.0293 0.915861
1.03125 0.910511
1.0332 0.905191
1.03516 0.899903
1.03711 0.894645
1.03906 0.889419
1.04102 0.884222
1.04297 0.879057
1.04492 0.873921
1.04688 0.868815
1.04883 0.863739
1.05078 0.858693
1.05273 0.853677
1.05469 0.848689
1.05664 0.843731
1.05859 0.838802
1.06055 0.833901
1.0625 0.829029
1.06445 0.824186
1.06641 0.819371
1.06836 0.814584
1.07031 0.809825
1.07227 0.805094
1.07422 0.80039
1.07617 0.795714
1.07812 0.791065
1.08008 0.786444
1.08203 0.781849
1.08398 0.777281
1.08594 0.77274
1.08789 0.768226
1.08984 0.763738
1.0918 0.759276
1.09375 0.75484
1.0957 0.75043
1.09766 0.746046
1.09961 0.741687
1.10156 0.737354
1.10352 0.733046
1.10547 0.728764
1.10742 0.724506
1.10938 0.720273
1.11133 0.716065
1.11328 0.711882
1.11523 0.707723
1.11719 0.703588
1.11914 0.699478
1.12109 0.695391
1.12305 0.691328
1.125 0.687289
1.12695 0.683274
1.12891 0.679282
1.13086 0.675314
1.13281 0.671368
1.13477 0.667446
1.13672 0.663547
1.13867 0.65967
1.14062 0.655816
1.14258 0.651985
1.14453 0.648176
1.14648 0.644389
1.14844 0.640624
1.15039 0.636882
1.15234 0.633161
1.1543 0.629462
1.15625 0.625784
1.1582 0.622128
1.16016 0.618494
1.16211 0.61488
1.16406 0.611288
1.16602 0.607717
1.16797 0.604166
1.16992 0.600636
1.17188 0.597127
1.17383 0.593639
1.17578 0.590171
1.17773 0.586723
1.17969 0.583295
1.18164 0.579887
1.18359 0.576499
1.18555 0.573131
1.1875 0.569783
1.18945 0.566454
1.19141 0.563145
1.19336 0.559855
1.19531 0.556584
1.19727 0.553332
1.19922 0.5501
1.20117 0.546886
1.20312 0.543691
1.20508 0.540514
1.20703 0.537357
1.20898 0.534217
1.21094 0.531096
1.21289 0.527993
1.21484 0.524909
1.2168 0.521842
1.21875 0.518793
1.2207 0.515762
1.22266 0.512749
1.22461 0.509754
1.22656 0.506775
1.22852 0.503815
1.23047 0.500871
1.23242 0.497945
1.23438 0.495036
1.23633 0.492144
1.23828 0.489269
1.24023 0.48641
1.24219 0.483569
1.24414 0.480743
1.24609 0.477935
1.24805 0.475143
1.25 0.472367
1.25195 0.469607
1.25391 0.466863
1.25586 0.464136
1.25781 0.461424
1.25977 0.458729
1.26172 0.456049
1.26367 0.453384
1.26562 0.450735
1.26758 0.448102
1.26953 0.445484
1.27148 0.442882
1.27344 0.440294
1.27539 0.437722
1.27734 0.435165
1.2793 0.432622
1.28125 0.430095
1.2832 0.427582
1.28516 0.425084
1.28711 0.422601
1.28906 0.420132
1.29102 0.417677
1.29297 0.415237
1.29492 0.412811
1.29688 0.410399
1.29883 0.408002
1.30078 0.405618
1.30273 0.403248
1.30469 0.400892
1.30664 0.39855
1.30859 0.396222
1.31055 0.393907
1.3125 0.391606
1.31445 0.389318
1.31641 0.387043
1.31836 0.384782
1.32031 0.382534
1.32227 0.380299
1.32422 0.378078
1.32617 0.375869
1.32812 0.373673
1.33008 0.37149
1.33203 0.369319
1.33398 0.367162
1.33594 0.365017
1.33789 0.362884
1.33984 0.360764
1.3418 0.358656
1.34375 0.356561
1.3457 0.354478
1.34766 0.352407
1.34961 0.350348
1.35156 0.348301
1.35352 0.346266
1.35547 0.344244
1.35742 0.342232
1.35938 0.340233
1.36133 0.338245
1.36328 0.336269
1.36523 0.334305
1.36719 0.332351
1.36914 0.33041
1.37109 0.328479
1.37305 0.32656
1.375 0.324653
1.37695 0.322756
1.37891 0.32087
1.38086 0.318996
1.38281 0.317132
1.38477 0.315279
1.38672 0.313437
1.38867 0.311606
1.39062 0.309786
1.39258 0.307976
1.39453 0.306177
1.39648 0.304388
1.39844 0.302609
1.40039 0.300842
1.40234 0.299084
1.4043 0.297337
1.40625 0.2956
1.4082 0.293873
1.41016 0.292156
1.41211 0.290449
1.41406 0.288752
1.41602 0.287065
1.41797 0.285388
1.41992 0.283721
1.42188 0.282063
1.42383 0.280415
1.42578 0.278777
1.42773 0.277148
1.42969 0.275529
1.43164 0.273919
1.43359 0.272319
1.43555 0.270728
1.4375 0.269146
1.43945 0.267574
1.44141 0.266011
1.44336 0.264457
1.44531 0.262912
1.44727 0.261376
1.44922 0.259849
1.45117 0.258331
1.45312 0.256821
1.45508 0.255321
1.45703 0.253829
1.45898 0.252346
1.46094 0.250872
1.46289 0.249406
1.46484 0.247949
1.4668 0.246501
1.46875 0.245061
1.4707 0.243629
1.47266 0.242206
1.47461 0.240791
1.47656 0.239384
1.47852 0.237985
1.48047 0.236595
1.48242 0.235213
1.48438 0.233838
1.48633 0.232472
1.48828 0.231114
1.49023 0.229764
1.49219 0.228422
1.49414 0.227087
1.49609 0.22576
1.49805 0.224441
1.5 0.22313
1.50195 0.221827
1.50391 0.220531
1.50586 0.219242
1.50781 0.217961
1.50977 0.216688
1.51172 0.215422
1.51367 0.214164
1.51562 0.212912
1.51758 0.211668
1.51953 0.210432
1.52148 0.209202
1.52344 0.20798
1.52539 0.206765
1.52734 0.205557
1.5293 0.204356
1.53125 0.203162
1.5332 0.201975
1.53516 0.200795
1.53711 0.199622
1.53906 0.198456
1.54102 0.197297
1.54297 0.196144
1.54492 0.194998
1.54688 0.193859
1.54883 0.192726
1.55078 0.1916
1.55273 0.190481
1.55469 0.189368
1.55664 0.188262
1.55859 0.187162
1.56055 0.186069
1.5625 0.184981
1.56445 0.183901
1.56641 0.182826
1.56836 0.181758
1.57031 0.180696
1.57227 0.179641
1.57422 0.178591
1.57617 0.177548
1.57812 0.176511
1.58008 0.175479
1.58203 0.174454
1.58398 0.173435
1.58594 0.172422
1.58789 0.171414
1.58984 0.170413
1.5918 0.169417
1.59375 0.168428
1.5957 0.167444
1.59766 0.166465
1.59961 0.165493
1.60156 0.164526
1.60352 0.163565
1.60547 0.162609
1.60742 0.161659
1.60938 0.160715
1.61133 0.159776
1.61328 0.158842
1.61523 0.157914
1.61719 0.156992
1.61914 0.156075
1.62109 0.155163
1.62305 0.154256
1.625 0.153355
1.62695 0.152459
1.62891 0.151568
1.63086 0.150683
1.63281 0.149803
1.63477 0.148927
1.63672 0.148057
1.63867 0.147192
1.64062 0.146332
1.64258 0.145477
1.64453 0.144628
1.64648 0.143783
1.64844 0.142943
1.65039 0.142107
1.65234 0.141277
1.6543 0.140452
1.65625 0.139631
1.6582 0.138816
1.66016 0.138005
1.66211 0.137198
1.66406 0.136397
1.66602 0.1356
1.66797 0.134808
1.66992 0.13402
1.67188 0.133237
1.67383 0.132459
1.67578 0.131685
1.67773 0.130916
1.67969 0.130151
1.68164 0.12939
1.68359 0.128634
1.68555 0.127883
1.6875 0.127136
1.68945 0.126393
1.69141 0.125655
1.69336 0.12492
1.69531 0.124191
1.69727 0.123465
1.69922 0.122744
1.70117 0.122027
1.70312 0.121314
1.70508 0.120605
1.70703 0.1199
1.70898 0.1192
1.71094 0.118504
1.71289 0.117811
1.71484 0.117123
1.7168 0.116439
1.71875 0.115758
1.7207 0.115082
1.72266 0.11441
1.72461 0.113741
1.72656 0.113077
1.72852 0.112416
1.73047 0.11176
1.73242 0.111107
1.73438 0.110457
1.73633 0.109812
1.73828 0.109171
1.74023 0.108533
1.74219 0.107899
1.74414 0.107268
1.74609 0.106642
1.74805 0.106019
1.75 0.105399
1.75195 0.104783
1.75391 0.104171
1.75586 0.103563
1.75781 0.102958
1.75977 0.102356
1.76172 0.101758
1.76367 0.101164
1.76562 0.100573
1.76758 0.0999851
1.76953 0.099401
1.77148 0.0988202
1.77344 0.0982429
1.77539 0.0976689
1.77734 0.0970983
1.7793 0.0965311
1.78125 0.0959671
1.7832 0.0954065
1.78516 0.0948491
1.78711 0.0942949
1.78906 0.093744
1.79102 0.0931964
1.79297 0.0926519
1.79492 0.0921106
1.79688 0.0915725
1.79883 0.0910375
1.80078 0.0905056
1.80273 0.0899769
1.80469 0.0894512
1.80664 0.0889286
1.80859 0.088409
1.81055 0.0878925
1.8125 0.0873791
1.81445 0.0868686
1.81641 0.0863611
1.81836 0.0858565
1.82031 0.0853549
1.82227 0.0848563
1.82422 0.0843605
1.82617 0.0838676
1.82812 0.0833777
1.83008 0.0828906
1.83203 0.0824063
1.83398 0.0819249
1.83594 0.0814462
1.83789 0.0809704
1.83984 0.0804974
1.8418 0.0800271
1.84375 0.0795595
1.8457 0.0790947
1.84766 0.0786326
1.84961 0.0781732
1.85156 0.0777165
1.85352 0.0772625
1.85547 0.0768111
1.85742 0.0763624
1.85938 0.0759162
1.86133 0.0754727
1.86328 0.0750318
1.86523 0.0745934
1.86719 0.0741576
1.86914 0.0737244
1.87109 0.0732937
1.87305 0.0728655
1.875 0.0724398
1.87695 0.0720166
1.87891 0.0715958
1.88086 0.0711775
1.88281 0.0707617
1.88477 0.0703483
1.88672 0.0699373
1.88867 0.0695287
1.89062 0.0691225
1.89258 0.0687187
1.89453 0.0683172
1.89648 0.0679181
1.89844 0.0675213
1.90039 0.0671268
1.90234 0.0667347
1.9043 0.0663448
1.90625 0.0659572
1.9082 0.0655718
1.91016 0.0651887
1.91211 0.0648079
1.91406 0.0644293
1.91602 0.0640529
1.91797 0.0636786
1.91992 0.0633066
1.92188 0.0629368
1.92383 0.0625691
1.92578 0.0622035
1.92773 0.0618401
1.92969 0.0614788
1.93164 0.0611197
1.93359 0.0607626
1.93555 0.0604076
1.9375 0.0600547
1.93945 0.0597038
1.94141 0.059355
1.94336 0.0590083
1.94531 0.0586635
1.94727 0.0583208
1.94922 0.0579801
1.95117 0.0576413
1.95312 0.0573046
1.95508 0.0569698
1.95703 0.056637
1.95898 0.0563061
1.96094 0.0559771
1.96289 0.0556501
1.96484 0.055325
1.9668 0.0550017
1.96875 0.0546804
1.9707 0.054361
1.97266 0.0540434
1.97461 0.0537276
1.97656 0.0534137
1.97852 0.0531017
1.98047 0.0527915
1.98242 0.052483
1.98438 0.0521764
1.98633 0.0518716
1.98828 0.0515685
1.99023 0.0512673
1.99219 0.0509677
1.99414 0.05067
1.99609 0.050374
1.99805 0.0500797
