0 0
0.01 0.00221902
0.02 0.00885637
0.03 0.0198532
0.04 0.0351118
0.05 0.0544967
0.06 0.077836
0.07 0.104922
0.08 0.135516
0.09 0.169344
0.1 0.206107
0.11 0.245479
0.12 0.28711
0.13 0.330631
0.14 0.375655
0.15 0.421783
0.16 0.468605
0.17 0.515705
0.18 0.562667
0.19 0.609072
0.2 0.654508
0.21 0.698574
0.22 0.740877
0.23 0.781042
0.24 0.818712
0.25 0.853553
0.26 0.885257
0.27 0.91354
0.28 0.938153
0.29 0.958877
0.3 0.975528
0.31 0.987958
0.32 0.996057
0.33 0.999753
0.34 0.999013
0.35 0.993844
0.36 0.984292
0.37 0.97044
0.38 0.952414
0.39 0.930371
0.4 0.904508
0.41 0.875056
0.42 0.842274
0.43 0.806454
0.44 0.767913
0.45 0.726995
0.46 0.684062
0.47 0.639496
0.48 0.593691
0.49 0.547054
0.5 0.5
0.51 0.452946
0.52 0.406309
0.53 0.360504
0.54 0.315938
0.55 0.273005
0.56 0.232087
0.57 0.193546
0.58 0.157726
0.59 0.124944
0.6 0.0954915
0.61 0.069629
0.62 0.0475865
0.63 0.0295596
0.64 0.0157084
0.65 0.00615583
0.66 0.000986636
0.67 0.00024672
0.68 0.00394265
0.69 0.0120416
0.7 0.0244717
0.71 0.0411227
0.72 0.0618467
0.73 0.0864597
0.74 0.114743
0.75 0.146447
0.76 0.181288
0.77 0.218958
0.78 0.259123
0.79 0.301426
0.8 0.345492
0.81 0.390928
0.82 0.437333
0.83 0.484295
0.84 0.531395
0.85 0.578217
0.86 0.624345
0.87 0.669369
0.88 0.71289
0.89 0.754521
0.9 0.793893
0.91 0.830656
0.92 0.864484
0.93 0.895078
0.94 0.922164
0.95 0.945503
0.96 0.964888
0.97 0.980147
0.98 0.991144
0.99 0.997781
1 1
