1 3.03428e-86 2.71828
1.01 3.03428e-86 2.63794
1.02 3.03428e-86 2.55998
1.03 3.03428e-86 2.48432
1.04 3.03428e-86 2.4109
1.05 3.03428e-86 2.33965
1.06 3.03428e-86 2.2705
1.07 3.03428e-86 2.2034
1.08 3.03428e-86 2.13828
1.09 3.03428e-86 2.07508
1.1 3.03428e-86 2.01375
1.11 3.03428e-86 1.95424
1.12 3.03428e-86 1.89648
1.13 3.03428e-86 1.84043
1.14 3.03428e-86 1.78604
1.15 3.03428e-86 1.73325
1.16 3.03428e-86 1.68203
1.17 3.03428e-86 1.63232
1.18 3.03428e-86 1.58407
1.19 3.03428e-86 1.53726
1.2 3.03428e-86 1.49182
1.21 3.03428e-86 1.44773
1.22 3.03428e-86 1.40495
1.23 3.03428e-86 1.36343
1.24 3.03428e-86 1.32313
1.25 3.03428e-86 1.28403
1.26 3.03428e-86 1.24608
1.27 3.03428e-86 1.20925
1.28 3.03428e-86 1.17351
1.29 3.03428e-86 1.13883
1.3 3.03428e-86 1.10517
1.31 3.03428e-86 1.07251
1.32 3.03428e-86 1.04081
1.33 3.03428e-86 1.01005
1.34 3.03428e-86 0.980199
1.35 3.03428e-86 0.951229
1.36 3.03428e-86 0.923116
1.37 3.03428e-86 0.895834
1.38 3.03428e-86 0.869358
1.39 3.03428e-86 0.843665
1.4 3.03428e-86 0.818731
1.41 3.03428e-86 0.794534
1.42 3.03428e-86 0.771052
1.43 3.03428e-86 0.748264
1.44 3.03428e-86 0.726149
1.45 3.03428e-86 0.704688
1.46 3.03428e-86 0.683861
1.47 3.03428e-86 0.66365
1.48 3.03428e-86 0.644036
1.49 3.03428e-86 0.625002
1.5 3.03428e-86 0.606531
1.51 3.03428e-86 0.588605
1.52 3.03428e-86 0.571209
1.53 3.03428e-86 0.554327
1.54 3.03428e-86 0.537944
1.55 3.03428e-86 0.522046
1.56 3.03428e-86 0.506617
1.57 3.03428e-86 0.491644
1.58 3.03428e-86 0.477114
1.59 3.03428e-86 0.463013
1.6 3.03428e-86 0.449329
1.61 3.03428e-86 0.436049
1.62 3.03428e-86 0.423162
1.63 3.03428e-86 0.410656
1.64 3.03428e-86 0.398519
1.65 3.03428e-86 0.386741
1.66 3.03428e-86 0.375311
1.67 3.03428e-86 0.364219
1.68 3.03428e-86 0.353455
1.69 3.03428e-86 0.343009
1.7 3.03428e-86 0.332871
1.71 3.03428e-86 0.323033
1.72 3.03428e-86 0.313486
1.73 3.03428e-86 0.304221
1.74 3.03428e-86 0.29523
1.75 3.03428e-86 0.286505
1.76 3.03428e-86 0.278037
1.77 3.03428e-86 0.26982
1.78 3.03428e-86 0.261846
1.79 3.03428e-86 0.254107
1.8 3.03428e-86 0.246597
1.81 3.03428e-86 0.239309
1.82 3.03428e-86 0.232236
1.83 3.03428e-86 0.225373
1.84 3.03428e-86 0.218712
1.85 3.03428e-86 0.212248
1.86 3.03428e-86 0.205975
1.87 3.03428e-86 0.199888
1.88 3.03428e-86 0.19398
1.89 3.03428e-86 0.188247
1.9 3.03428e-86 0.182684
1.91 3.03428e-86 0.177284
1.92 3.03428e-86 0.172045
1.93 3.03428e-86 0.16696
1.94 3.03428e-86 0.162026
1.95 3.03428e-86 0.157237
1.96 3.03428e-86 0.15259
1.97 3.03428e-86 0.14808
1.98 3.03428e-86 0.143704
1.99 3.03428e-86 0.139457
