1 1 1 1
1.00667 0.98 0.980392 0.980199
1.01333 0.9604 0.961169 0.960789
1.02 0.941192 0.942322 0.941765
1.02667 0.922368 0.923845 0.923116
1.03333 0.903921 0.905731 0.904837
1.04 0.885842 0.887971 0.88692
1.04667 0.868126 0.87056 0.869358
1.05333 0.850763 0.85349 0.852144
1.06 0.833748 0.836755 0.83527
1.06667 0.817073 0.820348 0.818731
1.07333 0.800731 0.804263 0.802519
1.08 0.784717 0.788493 0.786628
1.08667 0.769022 0.773033 0.771052
1.09333 0.753642 0.757875 0.755784
1.1 0.738569 0.743015 0.740818
1.10667 0.723798 0.728446 0.726149
1.11333 0.709322 0.714163 0.71177
1.12 0.695135 0.700159 0.697676
1.12667 0.681233 0.686431 0.683861
1.13333 0.667608 0.672971 0.67032
1.14 0.654256 0.659776 0.657047
1.14667 0.641171 0.646839 0.644036
1.15333 0.628347 0.634156 0.631284
1.16 0.61578 0.621721 0.618783
1.16667 0.603465 0.609531 0.606531
1.17333 0.591395 0.597579 0.594521
1.18 0.579568 0.585862 0.582748
1.18667 0.567976 0.574375 0.571209
1.19333 0.556617 0.563112 0.559898
1.2 0.545484 0.552071 0.548812
1.20667 0.534575 0.541246 0.537944
1.21333 0.523883 0.530633 0.527292
1.22 0.513405 0.520229 0.516851
1.22667 0.503137 0.510028 0.506617
1.23333 0.493075 0.500028 0.496585
1.24 0.483213 0.490223 0.486752
1.24667 0.473549 0.480611 0.477114
1.25333 0.464078 0.471187 0.467666
1.26 0.454796 0.461948 0.458406
1.26667 0.4457 0.45289 0.449329
1.27333 0.436786 0.44401 0.440432
1.28 0.428051 0.435304 0.431711
1.28667 0.41949 0.426769 0.423162
1.29333 0.4111 0.418401 0.414783
1.3 0.402878 0.410197 0.40657
1.30667 0.39482 0.402154 0.398519
1.31333 0.386924 0.394268 0.390628
1.32 0.379185 0.386538 0.382893
1.32667 0.371602 0.378958 0.375311
1.33333 0.36417 0.371528 0.367879
1.34 0.356886 0.364243 0.360595
1.34667 0.349749 0.357101 0.353455
1.35333 0.342754 0.350099 0.346456
1.36 0.335899 0.343234 0.339596
1.36667 0.329181 0.336504 0.332871
1.37333 0.322597 0.329906 0.32628
1.38 0.316145 0.323437 0.319819
1.38667 0.309822 0.317095 0.313486
1.39333 0.303626 0.310878 0.307279
1.4 0.297553 0.304782 0.301194
1.40667 0.291602 0.298806 0.29523
1.41333 0.28577 0.292947 0.289384
1.42 0.280055 0.287203 0.283654
1.42667 0.274454 0.281572 0.278037
1.43333 0.268964 0.276051 0.272532
1.44 0.263585 0.270638 0.267135
1.44667 0.258313 0.265331 0.261846
1.45333 0.253147 0.260129 0.256661
1.46 0.248084 0.255028 0.251579
1.46667 0.243123 0.250028 0.246597
1.47333 0.23826 0.245125 0.241714
1.48 0.233495 0.240319 0.236928
1.48667 0.228825 0.235607 0.232236
1.49333 0.224249 0.230987 0.227638
1.5 0.219764 0.226458 0.22313
1.50667 0.215368 0.222017 0.218712
1.51333 0.211061 0.217664 0.214381
1.52 0.20684 0.213396 0.210136
1.52667 0.202703 0.209212 0.205975
1.53333 0.198649 0.20511 0.201897
1.54 0.194676 0.201088 0.197899
1.54667 0.190782 0.197145 0.19398
1.55333 0.186967 0.193279 0.190139
1.56 0.183227 0.18949 0.186374
1.56667 0.179563 0.185774 0.182684
1.57333 0.175972 0.182132 0.179066
1.58 0.172452 0.17856 0.17552
1.58667 0.169003 0.175059 0.172045
1.59333 0.165623 0.171627 0.168638
1.6 0.162311 0.168261 0.165299
1.60667 0.159064 0.164962 0.162026
1.61333 0.155883 0.161728 0.158817
1.62 0.152765 0.158556 0.155673
1.62667 0.14971 0.155448 0.15259
1.63333 0.146716 0.1524 0.149569
1.64 0.143782 0.149411 0.146607
1.64667 0.140906 0.146482 0.143704
1.65333 0.138088 0.143609 0.140858
1.66 0.135326 0.140794 0.138069
1.66667 0.13262 0.138033 0.135335
1.67333 0.129967 0.135326 0.132655
1.68 0.127368 0.132673 0.130029
1.68667 0.12482 0.130072 0.127454
1.69333 0.122324 0.127521 0.12493
1.7 0.119878 0.125021 0.122456
1.70667 0.11748 0.122569 0.120032
1.71333 0.11513 0.120166 0.117655
1.72 0.112828 0.11781 0.115325
1.72667 0.110571 0.1155 0.113042
1.73333 0.10836 0.113235 0.110803
1.74 0.106193 0.111015 0.108609
1.74667 0.104069 0.108838 0.106459
1.75333 0.101987 0.106704 0.10435
1.76 0.0999477 0.104612 0.102284
1.76667 0.0979487 0.102561 0.100259
1.77333 0.0959897 0.10055 0.0982736
1.78 0.0940699 0.098578 0.0963276
1.78667 0.0921885 0.0966451 0.0944202
1.79333 0.0903448 0.0947501 0.0925506
1.8 0.0885379 0.0928922 0.090718
1.80667 0.0867671 0.0910708 0.0889216
1.81333 0.0850318 0.0892851 0.0871609
1.82 0.0833311 0.0875344 0.085435
1.82667 0.0816645 0.0858181 0.0837432
1.83333 0.0800312 0.0841354 0.082085
1.84 0.0784306 0.0824856 0.0804596
1.84667 0.076862 0.0808683 0.0788664
1.85333 0.0753247 0.0792826 0.0773047
1.86 0.0738183 0.0777281 0.075774
1.86667 0.0723419 0.076204 0.0742736
1.87333 0.0708951 0.0747098 0.0728029
1.88 0.0694771 0.0732449 0.0713613
1.88667 0.0680876 0.0718087 0.0699482
1.89333 0.0667259 0.0704007 0.0685632
1.9 0.0653913 0.0690203 0.0672055
1.90667 0.0640835 0.067667 0.0658748
1.91333 0.0628018 0.0663402 0.0645703
1.92 0.0615458 0.0650394 0.0632918
1.92667 0.0603149 0.0637641 0.0620385
1.93333 0.0591086 0.0625138 0.0608101
1.94 0.0579264 0.061288 0.0596059
1.94667 0.0567679 0.0600863 0.0584257
1.95333 0.0556325 0.0589082 0.0572688
1.96 0.0545199 0.0577531 0.0561348
1.96667 0.0534295 0.0566207 0.0550232
1.97333 0.0523609 0.0555105 0.0539337
1.98 0.0513137 0.054422 0.0528657
1.98667 0.0502874 0.0533549 0.0518189
1.99333 0.0492817 0.0523088 0.0507928
2 0.048296 0.0512831 0.0497871
