0.1 0.16807 0.269329
0.0909091 0.203463 0.299449
0.0833333 0.177979 0.262144
0.0769231 0.207176 0.2877
0.0714286 0.184864 0.256894
0.0666667 0.209715 0.279082
0.0625 0.189927 0.25289
0.0588235 0.21156 0.272491
0.0555556 0.193807 0.249735
0.0526316 0.21296 0.267287
0.05 0.196874 0.247185
0.047619 0.214058 0.263076
0.0454545 0.199361 0.245081
0.0434783 0.214943 0.259597
0.0416667 0.201417 0.243315
0.04 0.215671 0.256675
0.0384615 0.203146 0.241813
0.037037 0.21628 0.254187
0.0357143 0.20462 0.240519
0.0344828 0.216798 0.252042
0.0333333 0.205891 0.239392
0.0322581 0.217243 0.250174
0.03125 0.206999 0.238403
0.030303 0.217629 0.248532
0.0294118 0.207973 0.237527
0.0285714 0.217968 0.247079
0.0277778 0.208836 0.236746
0.027027 0.218268 0.245783
0.0263158 0.209606 0.236045
0.025641 0.218534 0.244619
0.025 0.210298 0.235413
0.0243902 0.218774 0.24357
0.0238095 0.210922 0.23484
0.0232558 0.218989 0.242618
0.0227273 0.211488 0.234318
0.0222222 0.219184 0.241751
0.0217391 0.212004 0.233841
0.0212766 0.219362 0.240958
0.0208333 0.212476 0.233402
0.0204082 0.219524 0.240229
0.02 0.21291 0.232999
0.0196078 0.219673 0.239558
0.0192308 0.21331 0.232625
0.0188679 0.21981 0.238937
0.0185185 0.21368 0.232279
0.0181818 0.219937 0.238362
0.0178571 0.214023 0.231958
0.0175439 0.220054 0.237827
0.0172414 0.214341 0.231658
0.0169492 0.220163 0.237328
0.0166667 0.214639 0.231377
0.0163934 0.220265 0.236862
0.016129 0.214917 0.231115
0.015873 0.220359 0.236426
0.015625 0.215177 0.230869
0.0153846 0.220448 0.236016
0.0151515 0.215421 0.230637
0.0149254 0.220532 0.235631
0.0147059 0.215651 0.230419
0.0144928 0.22061 0.235269
0.0142857 0.215867 0.230214
0.0140845 0.220683 0.234927
0.0138889 0.216071 0.230019
0.0136986 0.220753 0.234603
0.0135135 0.216265 0.229835
0.0133333 0.220819 0.234297
0.0131579 0.216447 0.229661
0.012987 0.220881 0.234007
0.0128205 0.216621 0.229495
0.0126582 0.22094 0.233731
0.0125 0.216785 0.229338
0.0123457 0.220995 0.233469
0.0121951 0.216942 0.229188
0.0120482 0.221049 0.23322
0.0119048 0.21709 0.229045
0.0117647 0.221099 0.232982
0.0116279 0.217232 0.228909
0.0114943 0.221147 0.232756
0.0113636 0.217368 0.228779
0.011236 0.221193 0.232539
0.0111111 0.217497 0.228655
0.010989 0.221237 0.232332
0.0108696 0.217621 0.228536
0.0107527 0.221279 0.232134
0.0106383 0.217739 0.228422
0.0105263 0.221319 0.231944
0.0104167 0.217852 0.228313
0.0103093 0.221357 0.231763
0.0102041 0.217961 0.228208
0.010101 0.221394 0.231588
0.01 0.218065 0.228107
0.00990099 0.221429 0.23142
0.00980392 0.218166 0.22801
0.00970874 0.221463 0.231259
0.00961538 0.218262 0.227917
0.00952381 0.221496 0.231104
0.00943396 0.218354 0.227828
0.00934579 0.221527 0.230955
0.00925926 0.218444 0.227741
0.00917431 0.221557 0.230812
0.00909091 0.21853 0.227658
0.00900901 0.221586 0.230673
0.00892857 0.218612 0.227578
0.00884956 0.221614 0.23054
0.00877193 0.218692 0.227501
0.00869565 0.221641 0.230411
0.00862069 0.218769 0.227426
0.00854701 0.221667 0.230286
0.00847458 0.218844 0.227353
0.00840336 0.221692 0.230166
0.00833333 0.218916 0.227284
0.00826446 0.221717 0.230049
0.00819672 0.218985 0.227216
0.00813008 0.22174 0.229937
0.00806452 0.219053 0.227151
0.008 0.221763 0.229828
0.00793651 0.219118 0.227087
0.00787402 0.221785 0.229722
0.0078125 0.219181 0.227026
0.00775194 0.221806 0.22962
0.00769231 0.219242 0.226966
0.00763359 0.221827 0.229521
0.00757576 0.219301 0.226908
0.0075188 0.221847 0.229425
0.00746269 0.219359 0.226852
0.00740741 0.221866 0.229331
0.00735294 0.219415 0.226798
0.00729927 0.221885 0.229241
0.00724638 0.219469 0.226745
0.00719424 0.221903 0.229153
0.00714286 0.219522 0.226694
0.0070922 0.221921 0.229067
0.00704225 0.219573 0.226644
0.00699301 0.221938 0.228984
0.00694444 0.219622 0.226596
0.00689655 0.221955 0.228904
0.00684932 0.219671 0.226548
0.00680272 0.221971 0.228825
0.00675676 0.219718 0.226502
0.00671141 0.221987 0.228749
0.00666667 0.219764 0.226458
0.00662252 0.222002 0.228674
0.00657895 0.219808 0.226414
0.00653595 0.222017 0.228602
0.00649351 0.219852 0.226372
0.00645161 0.222032 0.228531
0.00641026 0.219894 0.22633
0.00636943 0.222046 0.228462
0.00632911 0.219935 0.22629
0.00628931 0.22206 0.228395
0.00625 0.219975 0.226251
0.00621118 0.222074 0.22833
0.00617284 0.220014 0.226213
0.00613497 0.222087 0.228266
0.00609756 0.220052 0.226175
0.00606061 0.2221 0.228204
0.0060241 0.22009 0.226139
0.00598802 0.222112 0.228143
0.00595238 0.220126 0.226103
0.00591716 0.222124 0.228083
0.00588235 0.220162 0.226068
0.00584795 0.222136 0.228025
0.00581395 0.220196 0.226034
0.00578035 0.222148 0.227969
0.00574713 0.22023 0.226001
0.00571429 0.222159 0.227913
0.00568182 0.220263 0.225969
0.00564972 0.222171 0.227859
0.00561798 0.220296 0.225937
0.00558659 0.222181 0.227807
0.00555556 0.220327 0.225906
0.00552486 0.222192 0.227755
0.00549451 0.220358 0.225875
0.00546448 0.222202 0.227704
0.00543478 0.220389 0.225846
0.00540541 0.222213 0.227655
0.00537634 0.220418 0.225817
0.00534759 0.222223 0.227606
0.00531915 0.220447 0.225788
0.00529101 0.222232 0.227559
0.00526316 0.220476 0.22576
0.0052356 0.222242 0.227513
0.00520833 0.220503 0.225733
0.00518135 0.222251 0.227467
0.00515464 0.220531 0.225706
0.00512821 0.22226 0.227423
0.00510204 0.220557 0.22568
0.00507614 0.222269 0.227379
0.00505051 0.220583 0.225655
0.00502513 0.222278 0.227336
